200

200 102

450 -130
-130 200

188   130
189   114
156    97
210   103
258    92
199    93
209    80
181   114
171    89
188    98
203   129
202    95
180   109
196   118
204    98
183   103
186   113
190    98
178    98
198   100
188   126
215   126
186    91
211    85
198   102
205   106
187   103
187   111
175   112
210   105
181    91
152   111
216   117
165   106
194    96
203   107
161   130
202   106
201   105
205    93
180   112
167   125
221   118
196    98
173   100
176   118
205    94
200   107
182   113
194    95
214    98
206   102
198   123
165   103
187   107
211    89
200    96
190   122
229    95
189    87
184   117
199    84
238    81
222    85
174   102
208    84
217   104
186    94
185    86
178    83
181   115
157   118
183    95
213   102
188   120
230    88
171   104
200    88
187   119
199    88
195   101
180    96
196    98
224    75
185   108
196   104
208    76
209   113
196   117
213    79
207    73
217    98
215    88
212    97
234    77
197   119
205   107
191   118
206   104
194   109
178   100
166   116
211    83
207   117
194    98
193    76
226    81
206    87
187   104
194    95
198    88
181    95
197   114
242   101
201    96
204    93
227   101
196    88
188   116
204    94
215    90
209   119
212   100
196    96
171   110
198    95
203   100
202    99
203   110
181   109
191   100
192    88
193    93
187   122
185   126
223    81
225   110
188    88
191    85
177   116
196    94
224    96
231    98
198    88
210    89
169   106
225    80
223    94
159   116
192    92
217    98
168   114
192    99
185    80
213   108
207   104
186    99
199   110
219   102
190   107
187    99
219    97
204    91
183    88
172   111
198    89
214   103
194   102
209   101
237    80
171   108
171   107
225    91
203   107
213    88
226    83
208    76
179   110
187   107
220    89
171   103
199    85
212   110
212    94
189   105
204    94
202   110
181    85
155   122
203    82
185    89
220    91
183    90
201   115
209    80
209   107
219   105
200    82
237   109
176    91