200

120 110

250 95
95 500

123   107
125   132
108   101
135   112
130    70
129   113
138   116
121   139
100    79
118   112
123   130
141   107
119    97
104   137
129   101
142    83
129   147
98   111
132   108
131   110
97   101
121   101
132   126
112   128
131   114
132   108
133   122
143   108
88   100
88    69
116   117
111   123
120   137
98   134
153   137
120   142
106   121
126   124
100    99
128   115
115    93
105    76
116   112
116   132
129   105
116   142
120   107
138   112
116   136
113   112
120   124
143   111
147   123
116   123
127   136
138   111
111    86
127   150
109   132
116   122
99   128
115   101
112    84
116   116
127   126
110    77
98   104
89    96
105    95
141   142
143   107
111    92
114    87
119   110
133   110
122   107
119   144
135   141
119   113
92   134
122   104
119    60
149   149
97    95
143   112
132   141
137   152
123    79
102   120
111    78
155   116
113   121
137   123
119   119
98   130
122    97
123   105
127   119
130   117
139   139
119   113
104   122
150   111
129   136
128   116
120   114
137   102
108   108
99    92
128   100
104   101
125   124
118    90
119   116
117   134
122   110
129   136
92    96
119   113
96    64
99    77
113    94
114    94
157    99
126    74
123    59
110   125
124   121
124   136
111   129
94    80
121   132
104    82
108   122
96    93
102   113
119   111
121   131
137   115
109    74
91   114
122   126
127   120
114    94
118   109
146   108
112   104
93   110
143   125
105    75
104   110
115   127
93    92
114   119
133   104
138    81
112   120
132    96
119    79
113    51
139   122
110   126
90    80
114    83
117   117
119    98
104    87
119    85
117   123
149   112
124   107
119    96
108   153
135   130
110    90
126    97
141   132
109   106
112    95
97    77
103   113
126   125
115    94
104    95
123    63
134    97
151   110
125   125
136   116
118   112
104   111
122   108
158    99
114    85
121   106
112   111
82    92
114   104
111   120
123   107